4294967278,51
4294967279,73
4294967279,68
4294967279,63
4294967279,58
4294967279,53
4294967279,52
4294967279,46
4294967279,40
4294967279,34
4294967279,33
4294967279,32
4294967279,21
4294967279,16
4294967279,11
4294967279,6
4294967293,131
4294967293,130
4294967293,129
4294967293,128
4294967293,127
4294967293,126
4294967293,125
4294967293,124
4294967293,123
4294967293,122
4294967293,121
4294967293,120
4294967293,119
4294967293,118
4294967293,117
4294967293,116
4294967293,115
4294967293,114
4294967293,113
4294967293,112
4294967293,111
4294967293,110
4294967293,109
4294967293,108
4294967293,107
4294967293,106
4294967293,105
4294967293,104
4294967293,103
4294967293,102
4294967293,101
4294967293,100
4294967293,99
4294967293,98
4294967293,97
4294967293,96
4294967293,95
4294967293,94
4294967293,93
4294967293,92
4294967293,91
4294967293,90
4294967293,89
4294967293,87
4294967293,86
4294967293,85
4294967293,84
4294967293,83
4294967293,82
4294967293,81
4294967293,80
4294967293,79
4294967293,78
4294967293,77
4294967293,76
4294967293,75
4294967293,74
4294967293,73
4294967293,72
4294967293,71
4294967293,70
4294967293,69
4294967293,68
4294967293,67
4294967293,66
4294967293,65
4294967293,64
4294967293,63
4294967293,62
4294967293,61
4294967293,60
4294967293,59
4294967293,58
4294967293,57
4294967293,56
4294967293,55
4294967293,54
4294967293,53
4294967293,52
4294967293,51
4294967293,50
4294967293,49
4294967293,48
4294967293,47
4294967293,46
4294967293,45
4294967293,44
4294967293,43
4294967293,42
4294967293,41
4294967293,40
4294967293,39
4294967293,38
4294967293,37
4294967293,36
4294967293,35
4294967293,34
4294967293,33
4294967293,32
4294967293,31
4294967293,30
4294967293,29
4294967293,28
4294967293,27
4294967293,26
4294967293,25
4294967293,24
4294967293,23
4294967293,22
4294967293,21
4294967293,20
4294967293,19
4294967293,18
4294967293,17
4294967293,16
4294967293,15
4294967293,14
4294967293,13
4294967293,12
4294967293,11
4294967293,10
4294967293,9
4294967293,8
4294967293,7
4294967293,6
4294967293,5
4294967293,4
4294967293,3
4294967278,131
4294967278,130
4294967278,256
4294967278,129
4294967278,125
4294967278,123
4294967278,252
4294967278,122
4294967278,249
4294967278,120
4294967278,119
4294967278,241
4294967278,116
4294967278,239
4294967278,115
4294967278,114
4294967278,113
4294967278,112
4294967278,111
4294967278,407
4294967278,110
4294967278,401
4294967278,109
4294967278,108
4294967278,107
4294967278,219
4294967278,104
4294967278,102
4294967278,101
4294967278,100
4294967278,99
4294967278,98
4294967278,96
4294967278,95
4294967278,94
4294967278,93
4294967278,92
4294967278,90
4294967278,406
4294967278,89
4294967278,398
4294967278,84
4294967278,405
4294967278,83
4294967278,82
4294967278,81
4294967278,80
4294967278,397
4294967278,79
4294967278,78
4294967278,73
4294967278,68
4294967278,67
4294967278,65
4294967278,64
4294967278,63
4294967278,404
4294967278,62
4294967278,61
4294967278,60
4294967278,58
4294967278,57
4294967278,55
4294967278,53
4294967278,52
4294967278,49
4294967278,48
4294967278,47
4294967278,46
4294967278,45
4294967278,43
4294967278,42
4294967278,41
4294967278,39
4294967278,38
4294967278,37
4294967278,36
4294967278,33
4294967278,32
4294967278,31
4294967278,28
4294967278,27
4294967278,26
4294967278,23
4294967278,22
4294967278,21
4294967278,17
4294967278,403
4294967278,272
4294967278,16
4294967278,12
4294967278,266
4294967278,11
4294967278,7
4294967278,6
4294967278,5
4294967278,174
4294967278,88
4294967278,260
4294967279,131
4294967279,130
4294967279,126
4294967279,251
4294967279,125
4294967279,123
4294967279,121
4294967279,120
4294967279,242
4294967279,117
4294967279,240
4294967279,116
4294967279,115
4294967279,114
4294967279,113
4294967279,112
4294967279,110
4294967279,342
4294967279,109
4294967279,108
4294967279,107
4294967279,220
4294967279,105
4294967279,174
4294967279,214
4294967279,102
4294967279,101
4294967279,100
4294967279,95
4294967279,94
4294967279,90
4294967279,89
4294967279,87
4294967279,86
4294967279,339
4294967279,84
4294967279,83
4294967279,336
4294967279,82
4294967279,335
4294967279,81
4294967279,334
4294967279,80
4294967279,79
4294967279,78
4294967279,77
4294967279,76
4294967279,74
4294967279,338
4294967279,50
4294967279,49
4294967279,47
4294967279,45
4294967279,43
4294967279,42
4294967279,39
4294967279,337
4294967279,38
4294967279,37
4294967279,36
4294967279,35
4294967279,31
4294967279,30
4294967279,29
4294967279,28
4294967279,27
4294967279,26
4294967279,25
4294967279,24
4294967279,23
4294967279,22
4294967279,20
4294967279,19
4294967279,266
4294967279,18
4294967279,332
4294967279,17
4294967279,15
4294967279,14
4294967279,13
4294967279,12
4294967279,2
4294967279,10
4294967279,9
4294967279,8
4294967279,7
4294967279,88
4294967279,260
4294967294,1416
4294967294,1431
4294967294,1094
4294967278,395
4294967278,286
4294967278,282
4294967278,263
4294967279,274
4294967278,279
4294967294,295
4294967294,292
4294967294,291
4294967294,289
4294967294,667
4294967294,288
4294967294,286
4294967294,285
4294967294,283
4294967294,282
4294967294,279
4294967294,277
4294967294,276
4294967294,275
4294967294,274
4294967294,270
4294967294,268
4294967294,267
4294967294,265
4294967294,264
4294967294,262
4294967294,261
4294967294,259
4294967294,254
4294967294,253
4294967294,663
4294967294,249
4294967294,246
4294967294,237
4294967294,236
4294967294,230
4294967294,229
4294967294,228
4294967294,226
4294967294,225
4294967294,222
4294967294,220
4294967294,218
4294967294,217
4294967294,213
4294967294,212
4294967294,211
4294967294,660
4294967294,206
4294967294,204
4294967294,203
4294967294,202
4294967294,200
4294967294,198
4294967294,197
4294967294,195
4294967294,193
4294967294,831
4294967294,830
4294967294,827
4294967294,823
4294967294,822
4294967294,821
4294967294,820
4294967294,818
4294967294,817
4294967294,813
4294967294,812
4294967294,810
4294967294,807
4294967294,805
4294967294,804
4294967294,801
4294967294,800
4294967294,799
4294967294,798
4294967294,796
4294967294,795
4294967294,793
4294967294,792
4294967294,790
4294967294,789
4294967294,787
4294967294,784
4294967294,665
4294967294,782
4294967294,655
4294967294,780
4294967294,779
4294967294,777
4294967294,776
4294967294,775
4294967294,774
4294967294,773
4294967294,771
4294967294,653
4294967294,770
4294967294,769
4294967294,764
4294967294,761
4294967294,759
4294967294,758
4294967294,757
4294967294,756
4294967294,751
4294967294,749
4294967294,748
4294967294,747
4294967294,746
4294967294,744
4294967294,743
4294967294,742
4294967294,741
4294967294,740
4294967294,648
4294967294,738
4294967294,737
4294967294,736
4294967294,0
4294967294,735
4294967294,734
4294967294,733
4294967294,732
4294967294,730
4294967294,729
4294967294,921
4294967294,725
4294967294,724
4294967294,722
4294967294,720
4294967294,716
4294967294,715
4294967294,713
4294967294,710
4294967294,707
4294967294,706
4294967294,705
4294967294,639
4294967294,638
4294967294,636
4294967294,633
4294967294,632
4294967294,645
4294967294,1799
4294967294,629
4294967294,627
4294967294,625
4294967294,624
4294967294,622
4294967294,1426
4294967294,620
4294967294,619
4294967294,615
4294967294,614
4294967294,613
4294967294,612
4294967294,610
4294967294,609
4294967294,606
4294967294,605
4294967294,575
4294967294,604
4294967294,602
4294967294,599
4294967294,597
4294967294,596
4294967294,594
4294967294,591
4294967294,589
4294967294,587
4294967294,584
4294967294,582
4294967294,580
4294967294,578
4294967294,137
4294967294,576
4294967294,569
4294967294,564
4294967294,560
4294967294,558
4294967294,1801
4294967294,1415
4294967294,919
4294967294,556
4294967294,956
4294967294,138
4294967294,553
4294967294,552
4294967294,1125
4294967294,1795
4294967294,56
4294967294,1124
4294967294,1800
1,0
4294967294,562
4294967294,550
4294967294,549
4294967294,548
4294967294,654
4294967294,1434
4294967294,136
4294967294,1794
4294967294,1119
4294967294,561
4294967294,571
4294967294,652
4294967294,545
4294967294,544
4294967294,651
4294967294,543
4294967294,642
4294967294,644
4294967294,542
4294967294,664
4294967294,541
4294967294,540
4294967294,539
4294967294,1417
4294967294,662
4294967294,538
4294967294,658
4294967294,649
4294967294,641
4294967294,661
4294967294,572
4294967294,537
4294967294,650
4294967294,814
4294967294,574
4294967294,70
4294967294,656
4294967294,72
4294967294,811
4294967294,647
4294967294,71
4294967294,1122
4294967294,515
4294967294,1420
4294967294,396
4294967294,1546
4294967294,512
4294967294,1545
4294967294,1544
4294967294,1543
4294967294,1542
4294967294,520
4294967294,1418
4294967294,1465
4294967294,536
4294967294,1606
4294967294,1600
4294967294,436
4294967294,1611
4294967294,1469
4294967294,426
4294967294,1462
4294967294,1463
4294967294,506
4294967294,1604
4294967294,522
4294967294,455
4294967294,1464
4294967294,1607
4294967294,1430
4294967294,519
4294967294,456
4294967294,1470
4294967294,1442
4294967294,535
4294967294,1459
4294967294,1439
4294967294,1453
4294967294,1793
4294967294,454
4294967294,1468
4294967294,1438
4294967294,950
4294967294,468
4294967294,1612
4294967294,442
4294967294,1461
4294967294,444
4294967294,1457
4294967294,1460
4294967294,1452
4294967294,388
4294967294,1450
4294967294,1614
4294967294,1610
4294967294,1608
4294967294,441
4294967294,528
4294967294,1602
4294967294,66
4294967294,65
4294967294,64
4294967294,63
4294967294,62
4294967294,942
4294967294,60
4294967294,61
4294967294,518
4294967294,1466
4294967294,1425
4294967294,1458
4294967294,513
4294967294,1451
4294967294,1445
4294967294,525
4294967294,429
4294967294,9
4294967294,3
4294967294,467
4294967294,971
4294967294,970
4294967294,968
4294967294,967
4294967294,370
4294967294,369
4294967294,368
4294967294,367
4294967294,366
4294967294,364
4294967294,365
4294967294,363
4294967294,362
4294967294,361
4294967294,360
4294967294,359
4294967294,358
4294967294,357
4294967294,356
4294967294,355
4294967294,354
4294967294,461
4294967278,394
4294967279,331
4294967278,393
4294967279,330
4294967279,329
4294967279,328
4294967294,457
4294967294,460
4294967294,459
4294967294,458
4294967294,465
4294967294,464
4294967294,452
4294967294,183
4294967294,902
4294967294,414
4294967294,449
4294967294,418
4294967294,448
